6851182918317729984894479998919639588287499951229786985839869531985173849166964176451789434892199898
9426994946481789516799194682986158574783332188959768397416981269349655657969713682881596193639995681
3796886996869882629998132915973989548786867985998963691489853939899277919988858417991899981198719977
9248185139261798695718986776781989149442673212774599795188279468121787972899969696979856585911949398
6299473779566125911813915682136997199718287928169899397951248974185914193847568951998753279193952849
8148286974115181837394769599139891971978995999535739268969879319467496912998861171928998691659198989
7714687982854699756819437711488839929337718978941199979812279537259321914799597345927229986211994549
1859191762117353799861888195973613898594811595799719427974391939471929349466985865972994437884976918
4789924996582993992899958998398993587621899599782949299194867972848998592987992641836281142799987191
9685322981798759174989138791499887198763891994992689973776397683579958996897917454769885649448846998
6789191274213349898637897949987691642999121985912278669499497294631978879989687988772597899489398853
8899541187936687986764981174139122881959961816983885493199685939951265698122877778946175159918528939
9952699986439995635899891246126799752986783919995866921811257898893149769954463369478989997852998513
9931425891581899192381949272615788327478998239344791911714828896265671432569198189774762995997816999
8581618784927336497999229995697796195918393877818976787576616927699141958127928917996839499769899276
8369858669942937955912211816442699772683941894396427761767385991988919159299218913385817898299451225
6599864914998939412789949497399559686786199654269695968467612419638975799587182839689615354288517687
4324765578179939112987917815945377869195454495959997291949517521699691991554697624199589939789426676
8998943917666297991734661946185856692979675845962856849349289995835969527961564598586189299197239649
2474349998759125929824899596169699498194929969789495971989693353319989798589959994997191896775279666
9397823311992847298999315312637987993188796995292697771188653763819292898624997515579394598123986699
2999757939894996746879469973889874978918536847939782945591488939679598979779585959621881889632813415
3786879979379639997228893154199891799657145859599524224228186163438961996693568885878772218711991948
6357119476898367292134799994558999999959123579815889388789382591263761963299898988162997119173898949
3499971911939119191979976923829738974229559772757989872536949884296992794587989427754799689998947769
7319799654652819812812891758592372613871898598499998998769988491199991938858991878959745381157531992
1468684961945168589969992498649126855459472584987975891483519539678195959954998486675329191189898981
5999796535732847747899499629559999481989991291183338213553138881392987929751589694818513519186515989
8969971877279154679687599942839999789819924199219972613989945683512875795799895813819961923866923969
7661989481759992932237691998849721793391539266789486647194998941891234931877977977291988998583745959
7581858699779845989999894928667969596789187889414876715696938619495386625719891737397925889147875514
7939582575855863146589222872971958448862199919156447969996578964676999478369392994395941769419715726
7664919588599891289517773626649579918479785644186954919517715835999961894979829998196877229313779119
9789939779919686938527689899911589971279559121991792659929991899988138467398979998119486996973985156
1987113452341888331415788983939823974158899719369158953599328364987895258517579998193927999942926739
4968168491589593364854994479548794995979997169937913916259791732978999679787499897141429969268954257
2846767823761639989966699865459895813415497745932517967796994194889193889361771837818891946316824181
7419953896616283991529356659738189899382679976716488911915929762836929928489468999824399891189396596
5952664821957739692491929127834595859858331611949787357394798996537991479836188819992989786289969399
1875298894394183776949938912979573795149279972888168285819492911812997337919989696879199478973129985